function cm = mycolormap

cm = [    1.0000    0.9490    0.8667
    0.9608    0.9365    0.8933
    0.9216    0.9239    0.9200
    0.8824    0.9114    0.9467
    0.8431    0.8988    0.9733
    0.8039    0.8863    1.0000
    0.8034    0.8860    1.0000
    0.8028    0.8857    1.0000
    0.8022    0.8854    1.0000
    0.8017    0.8852    1.0000
    0.8011    0.8849    1.0000
    0.8006    0.8846    1.0000
    0.8000    0.8843    1.0000
    0.7994    0.8840    1.0000
    0.7989    0.8838    1.0000
    0.7983    0.8835    1.0000
    0.7978    0.8832    1.0000
    0.7972    0.8829    1.0000
    0.7966    0.8826    1.0000
    0.7961    0.8824    1.0000
    0.7892    0.8784    1.0000
    0.7824    0.8745    1.0000
    0.7755    0.8706    1.0000
    0.7686    0.8667    1.0000
    0.7618    0.8627    1.0000
    0.7549    0.8588    1.0000
    0.7480    0.8549    1.0000
    0.7412    0.8510    1.0000
    0.7343    0.8471    1.0000
    0.7275    0.8431    1.0000
    0.7206    0.8392    1.0000
    0.7137    0.8353    1.0000
    0.7069    0.8314    1.0000
    0.7000    0.8275    1.0000
    0.6931    0.8235    1.0000
    0.6863    0.8196    1.0000
    0.6794    0.8157    1.0000
    0.6725    0.8118    1.0000
    0.6657    0.8078    1.0000
    0.6588    0.8039    1.0000
    0.6387    0.7917    0.9985
    0.6186    0.7794    0.9971
    0.5985    0.7672    0.9956
    0.5784    0.7549    0.9941
    0.5583    0.7426    0.9926
    0.5382    0.7304    0.9912
    0.5181    0.7181    0.9897
    0.4980    0.7059    0.9882
    0.4779    0.6936    0.9868
    0.4578    0.6814    0.9853
    0.4377    0.6691    0.9838
    0.4176    0.6569    0.9824
    0.3975    0.6446    0.9809
    0.3775    0.6324    0.9794
    0.3574    0.6201    0.9779
    0.3373    0.6078    0.9765
    0.2951    0.5848    0.9794
    0.2529    0.5618    0.9824
    0.2108    0.5387    0.9853
    0.1686    0.5157    0.9882
    0.1265    0.4926    0.9912
    0.0843    0.4696    0.9941
    0.0422    0.4466    0.9971
         0    0.4235    1.0000];
end