function cm = brandons

cm = [    

%     0.9767    0.9767    0.9331
%     0.9649    0.9649    0.8978
%     0.9529    0.9529    0.8610
%     0.9408    0.9408    0.8226
%     0.9500    0.9500    0.8000
    0.9285    0.9285    0.7823
    0.9350    0.9200    0.7200
    0.9375    0.9150    0.6000
    0.9400    0.9100    0.5500
    0.9400    0.9100    0.5000
%     0.9500    0.9100    0.4000
    0.9600    0.9050    0.3000   
%     0.9800    0.9000    0.2000
%     1.0000    0.9000    0.0000
    1.0000    0.8500    0.0000    
%     1.0000    0.8250    0.0000    
    1.0000    0.8000    0.0000    
    1.0000    0.7500    0.0000    
    1.0000    0.7000    0.0000    
    1.0000    0.6500    0.0000
    1.0000    0.6000    0.0000
    1.0000    0.5500    0.0000    
    1.0000    0.5000    0.0000    
    1.0000    0.4500    0.0000    
    1.0000    0.4000    0.0000     
    1.0000    0.3500    0.0000
    1.0000    0.3000    0.0000
    1.0000    0.2500    0.0000    
%     1.0000    0.2000    0.0000    
    1.0000    0.1500    0.0000  
    1.0000    0.0750    0.0000    
    1.0000    0.0250    0.0000    
    1.0000    0.0000    0.0000  
];
end