function cm = brandons

cm = [    1.0000    1.0000    0.2157
    0.9569    1.0000    0.2078
    0.9137    1.0000    0.2000
    0.8706    1.0000    0.1882
    0.8235    1.0000    0.1804
    0.7765    1.0000    0.1725
    0.7294    1.0000    0.1647
    0.6824    1.0000    0.1569
    0.6314    1.0000    0.1451
    0.5843    1.0000    0.1373
    0.5333    1.0000    0.1294
    0.4784    1.0000    0.1216
    0.4275    1.0000    0.1137
    0.3725    1.0000    0.1020
    0.3176    1.0000    0.0941
    0.2627    1.0000    0.0863
    0.2078    1.0000    0.0784
    0.1490    1.0000    0.0706
    0.0902    1.0000    0.0588
    0.0510    1.0000    0.0745
    0.0431    1.0000    0.1176
    0.0353    1.0000    0.1608
    0.0275    1.0000    0.2039
    0.0157    1.0000    0.2510
    0.0078    1.0000    0.2980
         0    1.0000    0.3451
         0    1.0000    0.4392
         0    1.0000    0.5333
         0    1.0000    0.6275
         0    1.0000    0.7216
         0    1.0000    0.8118
         0    1.0000    0.9059
         0    1.0000    1.0000
         0    0.9059    1.0000
         0    0.8118    1.0000
         0    0.7176    1.0000
         0    0.6235    1.0000
         0    0.5294    1.0000
         0    0.4392    1.0000
         0    0.3451    1.0000
         0    0.2510    1.0000
         0    0.1569    1.0000
         0    0.0627    1.0000
    0.0314         0    1.0000
    0.1255         0    1.0000
    0.2196         0    1.0000
    0.3098         0    1.0000
    0.4039         0    1.0000
    0.4980         0    1.0000
    0.5922         0    1.0000
    0.6863         0    1.0000
    0.7804         0    1.0000
    0.8745         0    1.0000
    0.9686         0    1.0000
    1.0000         0    0.9373
    1.0000         0    0.8431
    1.0000         0    0.7490
    1.0000         0    0.6588
    1.0000         0    0.5647
    1.0000         0    0.4706
    1.0000         0    0.3765
    1.0000         0    0.2824
    1.0000         0    0.1882
    1.0000         0    0.0941];
end