function cm = brandons

cm = [    

    0.9880    0.9880    0.9691
    0.9759    0.9759    0.9372
    0.9636    0.9636    0.9041
    0.9512    0.9512    0.8698
    0.9386    0.9386    0.8341    
    0.9258    0.9258    0.7968
    0.9129    0.9129    0.7577    
%     0.8997    0.8997    0.7164    
%     0.8864    0.8864    0.6726    
%     0.8729    0.8536    0.6547
%     0.8591    0.8194    0.6362    
    
    
    
%     1.0000    0.9500    1.0000
%     1.0000    0.9000    0.9500
%     1.0000    0.9000    0.9000
%     1.0000    0.9000    0.8500
%     1.0000    0.9000    0.8000
%     1.0000    0.9000    0.7500
%     1.0000    0.9000    0.7000
%     1.0000    0.9000    0.6500
%     1.0000    0.9000    0.6000



%     1.0000    1.0000    0.8000
%     1.0000    1.0000    0.7500
    1.0000    1.0000    0.7000
    1.0000    1.0000    0.6500
    1.0000    1.0000    0.6000
%     1.0000    1.0000    0.5500
%     1.0000    1.0000    0.5000
%     1.0000    1.0000    0.4500
%     1.0000    1.0000    0.4000
%     1.0000    1.0000    0.3500
%     1.0000    1.0000    0.3000
%     1.0000    1.0000    0.2500
%     1.0000    1.0000    0.2000
%     1.0000    1.0000    0.1500
%     1.0000    1.0000    0.1000
%     1.0000    1.0000    0.5000
%     1.0000    1.0000    0.0000

    1.0000    0.9500    0.0000
    1.0000    0.9000    0.0000
    1.0000    0.8500    0.0000    
    1.0000    0.8000    0.0000    
    1.0000    0.7500    0.0000    
    1.0000    0.7000    0.0000    
    1.0000    0.6500    0.0000
    1.0000    0.6000    0.0000
    1.0000    0.5500    0.0000    
    1.0000    0.5000    0.0000    
    1.0000    0.4500    0.0000    
    1.0000    0.4000    0.0000     
    1.0000    0.3500    0.0000
    1.0000    0.3000    0.0000
    1.0000    0.2500    0.0000    
    1.0000    0.2000    0.0000    
    1.0000    0.1500    0.0000    
    1.0000    0.1000    0.0000    
    1.0000    0.0500    0.0000
    1.0000    0.0000    0.0000];
end